Vertex Count: 708

Data:

0 35.5431 10.3435 0.3613 0.3043 0 0.9227 0.3855
0 57.8015 -42.9308 0.3616 0.4041 0 0.9227 0.3855
-21.188 53.5253 -41.0345 0.3244 0.399 -0.15 0.9123 0.3812
-116.122 13.2703 12.759 0.7993 0.1522 -0.9447 0.2895 0.1541
-110.519 34.0252 13.3775 0.7366 0.1595 -0.9573 0.2543 0.1374
-117.23 45.5852 -54.7505 0.7382 0.3626 -0.9296 0.3262 0.1714
-117.23 45.5852 -54.7505 0.7382 0.3626 -0.9296 0.3262 0.1714
-135.792 -4.4743 -54.1319 0.8926 0.3415 -0.9216 0.344 0.1798
-116.122 13.2703 12.759 0.7993 0.1522 -0.9447 0.2895 0.1541
0 36.1381 -76.8185 0.3585 0.4893 -0 0.4188 -0.9081
0 -5.2064 -95.8868 0.3585 0.5615 -0 0.4188 -0.9081
-71.0652 49.9677 -76.7219 0.2344 0.4651 0.08 0.4175 -0.9052
-55.6401 16.28 -47.9208 0.2039 0.701 -0.2083 0.0697 -0.9756
-27.3651 -5.5906 -55.5207 0.28 0.7611 -0.2083 0.0697 -0.9756
-70.2877 -27.4612 -47.9208 0.1646 0.8183 -0.2083 0.0697 -0.9756
-71.7294 23.4478 -54.2372 0.1455 0.6118 -0.8964 0.2988 0.3275
-52.9324 6.1716 12.9657 0.1726 0.5136 -0.8964 0.2988 0.3275
0 -4.5996 167.655 0.2746 0.3049 -0.8964 0.2988 0.3275
0 -4.5996 167.655 0.2746 0.3049 -0.8959 0.3001 0.3275
-71.0652 49.9677 -76.7219 0.1648 0.6572 -0.8959 0.3001 0.3275
-71.7294 23.4478 -54.2372 0.1455 0.6118 -0.8959 0.3001 0.3275
-71.7294 23.4478 -54.2372 0.1455 0.6118 -0.8958 0.3003 0.3278
-71.0652 49.9677 -76.7219 0.1648 0.6572 -0.8958 0.3003 0.3278
-108.219 -60.8597 -76.7168 0.0132 0.5905 -0.8958 0.3003 0.3278
-108.219 -60.8597 -76.7168 0.0132 0.5905 -0.8958 0.3003 0.3278
-90.1678 -30.9873 -54.7524 0.0706 0.5797 -0.8958 0.3003 0.3278
-71.7294 23.4478 -54.2372 0.1455 0.6118 -0.8958 0.3003 0.3278
-110.519 34.0252 13.3775 0.7325 0.1934 0.4335 0.8946 0.1087
-52.9324 6.1716 12.9657 0.5822 0.1709 0.4335 0.8946 0.1087
-71.7294 23.4478 -54.2372 0.6149 0.3386 0.4335 0.8946 0.1087
-71.7294 23.4478 -54.2372 0.6149 0.3386 0.4339 0.8943 0.109
-117.23 45.5852 -54.7505 0.7335 0.3583 0.4339 0.8943 0.109
-110.519 34.0252 13.3775 0.7325 0.1934 0.4339 0.8943 0.109
-135.792 -4.4743 -54.1319 0.8869 0.303 -0.4659 -0.8101 0.3558
-90.1678 -30.9873 -54.7524 0.9778 0.2393 -0.4659 -0.8101 0.3558
-60.6974 -17.8512 13.7553 0.9202 0.0907 -0.4659 -0.8101 0.3558
-60.6974 -17.8512 13.7553 0.9202 0.0907 -0.4631 -0.8134 0.352
-116.122 13.2703 12.759 0.813 0.1709 -0.4631 -0.8134 0.352
-135.792 -4.4743 -54.1319 0.8869 0.303 -0.4631 -0.8134 0.352
-117.23 45.5852 -54.7505 0.743 0.366 0.0136 0.0048 -0.9999
-71.7294 23.4478 -54.2372 0.774 0.5009 0.0136 0.0048 -0.9999
-90.1678 -30.9873 -54.7524 0.9304 0.4852 0.0136 0.0048 -0.9999
-90.1678 -30.9873 -54.7524 0.9304 0.4852 -0.0171 -0.006 -0.9998
-135.792 -4.4743 -54.1319 0.8878 0.3473 -0.0171 -0.006 -0.9998
-117.23 45.5852 -54.7505 0.743 0.366 -0.0171 -0.006 -0.9998
-85.4699 -34.423 -79.6915 0.2092 0.6125 -0.2089 0.07 -0.9754
-108.219 -60.8597 -76.7168 0.1695 0.6586 -0.2089 0.07 -0.9754
-71.0652 49.9677 -76.7219 0.2344 0.4651 -0.2089 0.07 -0.9754
-71.0652 49.9677 -76.7219 0.2344 0.4651 -0.2091 0.07 -0.9754
-64.5868 27.9387 -79.6915 0.2457 0.5036 -0.2091 0.07 -0.9754
-85.4699 -34.423 -79.6915 0.2092 0.6125 -0.2091 0.07 -0.9754
-24.2751 -3.2422 -90.5268 0.3161 0.5581 -0.2095 0.0716 -0.9752
0 -5.4596 -95.9046 0.3585 0.562 -0.2095 0.0716 -0.9752
0 -5.6822 -95.9209 0.3585 0.5623 -0.2095 0.0716 -0.9752
-24.2751 -3.2422 -90.5268 0.3161 0.5581 -0.2095 0.0715 -0.9752
0 -5.6822 -95.9209 0.3585 0.5623 -0.2095 0.0715 -0.9752
-108.219 -60.8597 -76.7168 0.1695 0.6586 -0.2095 0.0715 -0.9752
-85.4699 -34.423 -79.6915 0.2092 0.6125 -0.208 0.0692 -0.9757
-24.2751 -3.2422 -90.5268 0.3161 0.5581 -0.208 0.0692 -0.9757
-108.219 -60.8597 -76.7168 0.1695 0.6586 -0.208 0.0692 -0.9757
-70.2877 -27.4612 -47.9208 0.2268 0.592 0.8854 -0.2965 -0.3581
-85.4699 -34.423 -79.6915 0.2092 0.6125 0.8854 -0.2965 -0.3581
-64.5868 27.9387 -79.6915 0.2457 0.5036 0.8854 -0.2965 -0.3581
-64.5868 27.9387 -79.6915 0.2457 0.5036 0.8854 -0.2965 -0.3581
-55.6401 16.28 -47.9208 0.2529 0.5234 0.8854 -0.2965 -0.3581
-70.2877 -27.4612 -47.9208 0.2268 0.592 0.8854 -0.2965 -0.3581
-27.3651 -5.5906 -55.5207 0.295 0.5557 -0.4511 0.8923 0.02
-24.2751 -3.2422 -90.5268 0.3161 0.5581 -0.4511 0.8923 0.02
-85.4699 -34.423 -79.6915 0.2092 0.6125 -0.4511 0.8923 0.02
-85.4699 -34.423 -79.6915 0.2092 0.6125 -0.4511 0.8923 0.02
-70.2877 -27.4612 -47.9208 0.2268 0.592 -0.4511 0.8923 0.02
-27.3651 -5.5906 -55.5207 0.295 0.5557 -0.4511 0.8923 0.02
-55.6401 16.28 -47.9208 0.2529 0.5234 -0.6262 -0.7723 -0.1071
-64.5868 27.9387 -79.6915 0.2457 0.5036 -0.6262 -0.7723 -0.1071
-24.2751 -3.2422 -90.5268 0.3161 0.5581 -0.6262 -0.7723 -0.1071
-24.2751 -3.2422 -90.5268 0.3161 0.5581 -0.6262 -0.7723 -0.1071
-27.3651 -5.5906 -55.5207 0.295 0.5557 -0.6262 -0.7723 -0.1071
-55.6401 16.28 -47.9208 0.2529 0.5234 -0.6262 -0.7723 -0.1071
0 -44.5986 -76.7395 0.3585 0.6302 -0 -0.4421 -0.897
-108.219 -60.8597 -76.7168 0.1695 0.6586 0.0661 -0.4411 -0.895
0 -5.6822 -95.9209 0.3585 0.5623 -0 -0.4421 -0.897
-60.6974 -17.8512 13.7553 0.1403 0.4981 -0.8958 0.3003 0.3278
-90.1678 -30.9873 -54.7524 0.0706 0.5797 -0.8958 0.3003 0.3278
-108.219 -60.8597 -76.7168 0.0132 0.5905 -0.8958 0.3003 0.3278
-108.219 -60.8597 -76.7168 0.0132 0.5905 -0.8957 0.3011 0.3273
0 -4.5996 167.655 0.2746 0.3049 -0.8957 0.3011 0.3273
-60.6974 -17.8512 13.7553 0.1403 0.4981 -0.8957 0.3011 0.3273
-24.2751 -3.2422 -90.5268 0.3161 0.5581 -0.2078 0.0704 -0.9756
-64.5868 27.9387 -79.6915 0.2457 0.5036 -0.2078 0.0704 -0.9756
-71.0652 49.9677 -76.7219 0.2344 0.4651 -0.2078 0.0704 -0.9756
0 -5.4596 -95.9046 0.3585 0.562 -0.2098 0.0685 -0.9753
-24.2751 -3.2422 -90.5268 0.3161 0.5581 -0.2098 0.0685 -0.9753
-71.0652 49.9677 -76.7219 0.2344 0.4651 -0.2098 0.0685 -0.9753
0 -5.4596 -95.9046 0.3585 0.562 -0.21 0.0683 -0.9753
-71.0652 49.9677 -76.7219 0.2344 0.4651 -0.21 0.0683 -0.9753
0 -5.2064 -95.8868 0.3585 0.5615 -0.21 0.0683 -0.9753
0 34.7659 -67.8287 0.36 0.4368 0.1891 0.9707 0.1482
0 36.1381 -76.8185 0.3599 0.4526 0.1891 0.9707 0.1482
-71.0652 49.9677 -76.7219 0.2364 0.4579 0.1891 0.9707 0.1482
-71.0652 49.9677 -76.7219 0.2364 0.4579 0.1866 0.9686 0.1644
-50.1182 42.8323 -58.4657 0.273 0.424 0.1866 0.9686 0.1644
0 34.7659 -67.8287 0.36 0.4368 0.1866 0.9686 0.1644
0 60.8597 -52.3656 0.3616 0.4214 -0 0.5098 -0.8603
0 52.0844 -57.5668 0.3611 0.4266 1 0 0
0 34.7659 -67.8287 0.36 0.4368 0.0001 0.5091 -0.8607
-37.012 55.3444 -52.3088 0.2966 0.4188 -0.0785 0.5064 -0.8587
0 60.8597 -52.3656 0.3616 0.4214 -0 0.5098 -0.8603
0 34.7659 -67.8287 0.36 0.4368 0.0001 0.5091 -0.8607
-37.012 55.3444 -52.3088 0.2966 0.4188 -0.0785 0.5064 -0.8587
0 34.7659 -67.8287 0.36 0.4368 0.0001 0.5091 -0.8607
-50.1182 42.8323 -58.4657 0.273 0.424 -0.0791 0.5056 -0.8591
-94.1328 18.4065 73.5408 0.4922 0.8771 0 0 1
-101.855 21.2171 73.5409 0.5861 0.8771 0 -0 1
-104.711 13.3711 73.5409 0.5862 0.9711 0 0 1
-104.711 13.3711 73.5409 0.5862 0.9711 0 0 1
-96.9885 10.5605 73.5409 0.4919 0.9714 0 0 1
-94.1328 18.4065 73.5408 0.4922 0.8771 0 0 1
-95.549 7.4735 13.2688 0.9651 0.8901 -0.342 -0.9397 0
-95.549 7.4735 51.5317 0.7415 0.89 -0.342 -0.9397 0
-107.798 11.9317 51.5317 0.7416 0.8133 -0.342 -0.9397 0
-107.798 11.9317 51.5317 0.7416 0.8133 -0.342 -0.9397 0
-107.798 11.9317 13.2688 0.9651 0.8133 -0.342 -0.9397 0
-95.549 7.4735 13.2688 0.9651 0.8901 -0.342 -0.9397 0
-91.0458 19.8459 13.2688 0.9626 0.9719 0.9397 -0.342 0
-91.0458 19.8459 51.5317 0.7387 0.9718 0.9397 -0.342 0
-95.549 7.4735 51.5317 0.7387 0.8942 0.9397 -0.342 0
-95.549 7.4735 51.5317 0.7387 0.8942 0.9397 -0.342 0
-95.549 7.4735 13.2688 0.9626 0.8943 0.9397 -0.342 0
-91.0458 19.8459 13.2688 0.9626 0.9719 0.9397 -0.342 0
-103.295 24.3041 13.2688 0.9656 0.7306 0.342 0.9397 -0
-103.295 24.3041 51.5317 0.742 0.7305 0.342 0.9397 -0
-91.0458 19.8459 51.5317 0.7421 0.6538 0.342 0.9397 -0
-91.0458 19.8459 51.5317 0.7421 0.6538 0.342 0.9397 -0
-91.0458 19.8459 13.2688 0.9656 0.6539 0.342 0.9397 -0
-103.295 24.3041 13.2688 0.9656 0.7306 0.342 0.9397 -0
-107.798 11.9317 13.2688 0.9663 0.81 -0.9397 0.342 -0
-107.798 11.9317 51.5317 0.7423 0.8099 -0.9397 0.342 -0
-103.295 24.3041 51.5317 0.7424 0.7323 -0.9397 0.342 -0
-103.295 24.3041 51.5317 0.7424 0.7323 -0.9397 0.342 -0
-103.295 24.3041 13.2688 0.9663 0.7324 -0.9397 0.342 -0
-107.798 11.9317 13.2688 0.9663 0.81 -0.9397 0.342 -0
-101.855 21.2171 56.1368 0.7137 0.7464 -0.8327 0.3031 0.4634
-103.295 24.3041 51.5317 0.7424 0.7323 -0.8327 0.3031 0.4634
-107.798 11.9317 51.5317 0.7423 0.8099 -0.8327 0.3031 0.4634
-107.798 11.9317 51.5317 0.7423 0.8099 -0.8327 0.3031 0.4634
-104.711 13.3711 56.1368 0.7137 0.7956 -0.8327 0.3031 0.4634
-101.855 21.2171 56.1368 0.7137 0.7464 -0.8327 0.3031 0.4634
-94.1328 18.4064 56.1368 0.7135 0.668 0.3031 0.8327 0.4634
-91.0458 19.8459 51.5317 0.7421 0.6538 0.3031 0.8327 0.4634
-103.295 24.3041 51.5317 0.742 0.7305 0.3031 0.8327 0.4634
-103.295 24.3041 51.5317 0.742 0.7305 0.3031 0.8327 0.4634
-101.855 21.2171 56.1368 0.7134 0.7163 0.3031 0.8327 0.4634
-94.1328 18.4064 56.1368 0.7135 0.668 0.3031 0.8327 0.4634
-96.9885 10.5605 56.1368 0.7101 0.9083 0.8327 -0.3031 0.4634
-95.549 7.4735 51.5317 0.7387 0.8942 0.8327 -0.3031 0.4634
-91.0458 19.8459 51.5317 0.7387 0.9718 0.8327 -0.3031 0.4634
-91.0458 19.8459 51.5317 0.7387 0.9718 0.8327 -0.3031 0.4634
-94.1328 18.4064 56.1368 0.71 0.9575 0.8327 -0.3031 0.4634
-96.9885 10.5605 56.1368 0.7101 0.9083 0.8327 -0.3031 0.4634
-104.711 13.3711 56.1368 0.713 0.8274 -0.3031 -0.8327 0.4634
-107.798 11.9317 51.5317 0.7416 0.8133 -0.3031 -0.8327 0.4634
-95.549 7.4735 51.5317 0.7415 0.89 -0.3031 -0.8327 0.4634
-95.549 7.4735 51.5317 0.7415 0.89 -0.3031 -0.8327 0.4634
-96.9885 10.5605 56.1368 0.7129 0.8758 -0.3031 -0.8327 0.4634
-104.711 13.3711 56.1368 0.713 0.8274 -0.3031 -0.8327 0.4634
-101.855 21.2171 70.5969 0.6291 0.7464 -0.9397 0.342 -0
-101.855 21.2171 56.1368 0.7137 0.7464 -0.9397 0.342 -0
-104.711 13.3711 56.1368 0.7137 0.7956 -0.9397 0.342 -0
-104.711 13.3711 56.1368 0.7137 0.7956 -0.9397 0.342 -0
-104.711 13.3711 70.5969 0.6291 0.7956 -0.9397 0.342 -0
-101.855 21.2171 70.5969 0.6291 0.7464 -0.9397 0.342 -0
-94.1328 18.4064 70.5969 0.629 0.6679 0.342 0.9397 -0
-94.1328 18.4064 56.1368 0.7135 0.668 0.342 0.9397 -0
-101.855 21.2171 56.1368 0.7134 0.7163 0.342 0.9397 -0
-101.855 21.2171 56.1368 0.7134 0.7163 0.342 0.9397 -0
-101.855 21.2171 70.5969 0.629 0.7163 0.342 0.9397 -0
-94.1328 18.4064 70.5969 0.629 0.6679 0.342 0.9397 -0
-96.9885 10.5605 70.5969 0.6255 0.9083 0.9397 -0.342 -0
-96.9885 10.5605 56.1368 0.7101 0.9083 0.9397 -0.342 -0
-94.1328 18.4064 56.1368 0.71 0.9575 0.9397 -0.342 -0
-94.1328 18.4064 56.1368 0.71 0.9575 0.9397 -0.342 0
-94.1328 18.4064 70.5969 0.6254 0.9575 0.9397 -0.342 0
-96.9885 10.5605 70.5969 0.6255 0.9083 0.9397 -0.342 0
-104.711 13.3711 70.5969 0.6285 0.8274 -0.342 -0.9397 -0
-104.711 13.3711 56.1368 0.713 0.8274 -0.342 -0.9397 -0
-96.9885 10.5605 56.1368 0.7129 0.8758 -0.342 -0.9397 -0
-96.9885 10.5605 56.1368 0.7129 0.8758 -0.342 -0.9397 -0
-96.9885 10.5605 70.5969 0.6285 0.8757 -0.342 -0.9397 -0
-104.711 13.3711 70.5969 0.6285 0.8274 -0.342 -0.9397 -0
-102.696 23.0214 75.8634 0.5993 0.7381 -0.9397 0.342 0
-102.696 23.0214 70.5969 0.6301 0.7381 -0.9397 0.342 0
-106.515 12.5298 70.5969 0.6301 0.8039 -0.9397 0.342 0
-106.515 12.5298 70.5969 0.6301 0.8039 -0.9397 0.342 0
-106.515 12.5298 75.8634 0.5993 0.8039 -0.9397 0.342 0
-102.696 23.0214 75.8634 0.5993 0.7381 -0.9397 0.342 0
-92.3285 19.2478 75.8634 0.5992 0.6596 0.342 0.9397 0
-92.3284 19.2478 70.5969 0.63 0.6596 0.342 0.9397 0
-102.696 23.0214 70.5969 0.6299 0.7246 0.342 0.9397 0
-102.696 23.0214 70.5969 0.6299 0.7246 0.342 0.9397 0
-102.696 23.0214 75.8634 0.5992 0.7245 0.342 0.9397 0
-92.3285 19.2478 75.8634 0.5992 0.6596 0.342 0.9397 0
-96.1471 8.7562 75.8634 0.5956 0.9 0.9397 -0.342 0
-96.1471 8.7562 70.5969 0.6264 0.9 0.9397 -0.342 0
-92.3284 19.2478 70.5969 0.6264 0.9658 0.9397 -0.342 0
-92.3284 19.2478 70.5969 0.6264 0.9658 0.9397 -0.342 0
-92.3285 19.2478 75.8634 0.5956 0.9658 0.9397 -0.342 0
-96.1471 8.7562 75.8634 0.5956 0.9 0.9397 -0.342 0
-106.515 12.5298 75.8634 0.5987 0.8191 -0.342 -0.9397 -0
-106.515 12.5298 70.5969 0.6295 0.8191 -0.342 -0.9397 -0
-96.1471 8.7562 70.5969 0.6294 0.884 -0.342 -0.9397 -0
-96.1471 8.7562 70.5969 0.6294 0.884 -0.342 -0.9397 -0
-96.1471 8.7562 75.8634 0.5987 0.884 -0.342 -0.9397 -0
-106.515 12.5298 75.8634 0.5987 0.8191 -0.342 -0.9397 -0
-102.696 23.0214 70.5969 0.6301 0.7381 0 0 -1
-101.855 21.2171 70.5969 0.6291 0.7464 0 0 -1
-104.711 13.3711 70.5969 0.6291 0.7956 0 0 -1
-104.711 13.3711 70.5969 0.6291 0.7956 0 0 -1
-106.515 12.5298 70.5969 0.6301 0.8039 0 0 -1
-102.696 23.0214 70.5969 0.6301 0.7381 0 0 -1
-92.3284 19.2478 70.5969 0.63 0.6596 0 0 -1
-94.1328 18.4064 70.5969 0.629 0.6679 0 0 -1
-101.855 21.2171 70.5969 0.629 0.7163 0 0 -1
-101.855 21.2171 70.5969 0.629 0.7163 0 0 -1
-102.696 23.0214 70.5969 0.6299 0.7246 0 0 -1
-92.3284 19.2478 70.5969 0.63 0.6596 0 0 -1
-96.1471 8.7562 70.5969 0.6264 0.9 0 0 -1
-96.9885 10.5605 70.5969 0.6255 0.9083 0 0 -1
-94.1328 18.4064 70.5969 0.6254 0.9575 0 0 -1
-94.1328 18.4064 70.5969 0.6254 0.9575 0 0 -1
-92.3284 19.2478 70.5969 0.6264 0.9658 0 0 -1
-96.1471 8.7562 70.5969 0.6264 0.9 0 0 -1
-106.515 12.5298 70.5969 0.6295 0.8191 0 0 -1
-104.711 13.3711 70.5969 0.6285 0.8274 0 0 -1
-96.9885 10.5605 70.5969 0.6285 0.8757 0 0 -1
-96.9885 10.5605 70.5969 0.6285 0.8757 0 0 -1
-96.1471 8.7562 70.5969 0.6294 0.884 0 0 -1
-106.515 12.5298 70.5969 0.6295 0.8191 0 0 -1
-106.515 12.5298 75.8634 0.5993 0.8039 0 -0 1
-104.711 13.3711 75.8634 0.5983 0.7956 0 -0 1
-101.855 21.2171 75.8634 0.5983 0.7464 0 -0 1
-101.855 21.2171 75.8634 0.5983 0.7464 0 -0 1
-102.696 23.0214 75.8634 0.5993 0.7381 0 -0 1
-106.515 12.5298 75.8634 0.5993 0.8039 0 -0 1
-96.1471 8.7562 75.8634 0.5987 0.884 0 -0 1
-96.9885 10.5605 75.8634 0.5977 0.8757 0 -0 1
-104.711 13.3711 75.8634 0.5977 0.8274 0 -0 1
-104.711 13.3711 75.8634 0.5977 0.8274 0 -0 1
-106.515 12.5298 75.8634 0.5987 0.8191 0 -0 1
-96.1471 8.7562 75.8634 0.5987 0.884 0 -0 1
-92.3285 19.2478 75.8634 0.5956 0.9658 0 -0 1
-94.1328 18.4065 75.8634 0.5946 0.9575 0 -0 1
-96.9885 10.5605 75.8634 0.5946 0.9083 0 -0 1
-96.9885 10.5605 75.8634 0.5946 0.9083 0 -0 1
-96.1471 8.7562 75.8634 0.5956 0.9 0 -0 1
-92.3285 19.2478 75.8634 0.5956 0.9658 0 -0 1
-102.696 23.0214 75.8634 0.5992 0.7245 0 -0 1
-101.855 21.2171 75.8634 0.5982 0.7163 0 -0 1
-94.1328 18.4065 75.8634 0.5982 0.6679 0 -0 1
-94.1328 18.4065 75.8634 0.5982 0.6679 0 -0 1
-92.3285 19.2478 75.8634 0.5992 0.6596 0 -0 1
-102.696 23.0214 75.8634 0.5992 0.7245 0 -0 1
-101.855 21.2171 73.5409 0.5861 0.8771 0.9397 -0.342 -0
-101.855 21.2171 75.8634 0.577 0.8866 0.9397 -0.342 -0
-104.711 13.3711 75.8634 0.577 0.9617 0.9397 -0.342 -0
-104.711 13.3711 75.8634 0.577 0.9617 0.9397 -0.342 0
-104.711 13.3711 73.5409 0.5862 0.9711 0.9397 -0.342 0
-101.855 21.2171 73.5409 0.5861 0.8771 0.9397 -0.342 0
-94.1328 18.4065 73.5408 0.4922 0.8771 -0.342 -0.9397 -0
-94.1328 18.4065 75.8634 0.5018 0.8866 -0.342 -0.9397 -0
-101.855 21.2171 75.8634 0.577 0.8866 -0.342 -0.9397 -0
-101.855 21.2171 75.8634 0.577 0.8866 -0.342 -0.9397 -0
-101.855 21.2171 73.5409 0.5861 0.8771 -0.342 -0.9397 -0
-94.1328 18.4065 73.5408 0.4922 0.8771 -0.342 -0.9397 -0
-96.9885 10.5605 73.5409 0.4919 0.9714 -0.9397 0.342 0
-96.9885 10.5605 75.8634 0.5018 0.9617 -0.9397 0.342 0
-94.1328 18.4065 75.8634 0.5018 0.8866 -0.9397 0.342 0
-94.1328 18.4065 75.8634 0.5018 0.8866 -0.9397 0.342 0
-94.1328 18.4065 73.5408 0.4922 0.8771 -0.9397 0.342 0
-96.9885 10.5605 73.5409 0.4919 0.9714 -0.9397 0.342 0
-104.711 13.3711 73.5409 0.5862 0.9711 0.342 0.9397 0
-104.711 13.3711 75.8634 0.577 0.9617 0.342 0.9397 0
-96.9885 10.5605 75.8634 0.5018 0.9617 0.342 0.9397 0
-96.9885 10.5605 75.8634 0.5018 0.9617 0.342 0.9397 0
-96.9885 10.5605 73.5409 0.4919 0.9714 0.342 0.9397 0
-104.711 13.3711 73.5409 0.5862 0.9711 0.342 0.9397 0
-95.549 7.4735 13.2688 0.7109 0.084 0.008 0.0303 0.9995
-60.6974 -17.8512 13.7553 0.5715 0.0531 0.008 0.0303 0.9995
-52.9324 6.1716 12.9657 0.5796 0.1362 0.008 0.0303 0.9995
-52.9324 6.1716 12.9657 0.5796 0.1362 0.007 -0.0026 1
-91.0458 19.8459 13.2688 0.7136 0.1275 0.007 -0.0026 1
-95.549 7.4735 13.2688 0.7109 0.084 0.007 -0.0026 1
-107.798 11.9317 13.2688 0.754 0.0813 -0.0779 -0.107 0.9912
-116.122 13.2703 12.759 0.7811 0.0744 -0.0779 -0.107 0.9912
-60.6974 -17.8512 13.7553 0.5715 0.0531 -0.0779 -0.107 0.9912
-60.6974 -17.8512 13.7553 0.5715 0.0531 0.014 0.0385 0.9992
-95.549 7.4735 13.2688 0.7109 0.084 0.014 0.0385 0.9992
-107.798 11.9317 13.2688 0.754 0.0813 0.014 0.0385 0.9992
-103.295 24.3041 13.2688 0.7567 0.1249 -0.0184 -0.0248 0.9995
-110.519 34.0252 13.3775 0.7915 0.1449 -0.0184 -0.0248 0.9995
-116.122 13.2703 12.759 0.7811 0.0744 -0.0184 -0.0248 0.9995
-116.122 13.2703 12.759 0.7811 0.0744 -0.0578 0.021 0.9981
-107.798 11.9317 13.2688 0.754 0.0813 -0.0578 0.021 0.9981
-103.295 24.3041 13.2688 0.7567 0.1249 -0.0578 0.021 0.9981
-91.0458 19.8459 13.2688 0.7136 0.1275 0.0103 0.0064 0.9999
-52.9324 6.1716 12.9657 0.5796 0.1362 0.0103 0.0064 0.9999
-110.519 34.0252 13.3775 0.7915 0.1449 0.0103 0.0064 0.9999
-110.519 34.0252 13.3775 0.7915 0.1449 -0.0056 -0.0153 0.9999
-103.295 24.3041 13.2688 0.7567 0.1249 -0.0056 -0.0153 0.9999
-91.0458 19.8459 13.2688 0.7136 0.1275 -0.0056 -0.0153 0.9999
-24.5053 56.0441 -43.1985 0.3187 0.4037 -0.2574 0.9258 0.2768
0 60.3932 -44.9161 0.3617 0.4085 0 0.998 0.0625
0 60.8597 -52.3656 0.3616 0.4214 0 0.997 0.077
0 60.8597 -52.3656 0.3616 0.4214 0 0.997 0.077
-37.012 55.3444 -52.3088 0.2966 0.4188 -0.2547 0.926 0.2785
-24.5053 56.0441 -43.1985 0.3187 0.4037 -0.2574 0.9258 0.2768
-24.5053 56.0441 -43.1985 0.3187 0.4037 -0.2574 0.9258 0.2768
-37.012 55.3444 -52.3088 0.2966 0.4188 -0.2547 0.926 0.2785
0 26.5383 35.7885 0.3613 0.2574 0 0.8938 0.4486
0 26.5383 35.7885 0.3613 0.2574 0 0.8938 0.4486
0 35.4174 18.0583 0.3615 0.2912 0 0.8941 0.4478
-24.5053 56.0441 -43.1985 0.3187 0.4037 -0.2574 0.9258 0.2768
-21.188 53.5253 -41.0345 0.3244 0.399 0.3427 0.8294 0.4412
0 57.8015 -42.9308 0.3616 0.4041 0 0.6081 0.7938
0 60.3932 -44.9161 0.3617 0.4085 -0 0.6084 0.7936
0 60.3932 -44.9161 0.3617 0.4085 -0 0.6084 0.7936
-24.5053 56.0441 -43.1985 0.3187 0.4037 0.2252 0.7884 0.5725
-21.188 53.5253 -41.0345 0.3244 0.399 0.3427 0.8294 0.4412
-21.188 53.5253 -41.0345 0.3244 0.399 0.3427 0.8294 0.4412
-24.5053 56.0441 -43.1985 0.3187 0.4037 0.2252 0.7884 0.5725
0 35.4174 18.0583 0.3615 0.2912 0 0.9998 0.0189
0 35.5431 10.3435 0.3613 0.3043 0 0.9999 0.0163
-21.188 53.5253 -41.0345 0.3244 0.399 0.3427 0.8294 0.4412
0 35.4174 18.0583 0.3615 0.2912 0 0.9998 0.0189
0 35.3938 13.4717 0.3614 0.299 1 0 0
0 35.5431 10.3435 0.3613 0.3043 0 0.9999 0.0163
0 35.4174 18.0583 0.3615 0.2912 0 0.9998 0.0189
0 -4.5996 167.655 0.2746 0.3049 -0.8959 0.3003 0.3275
-52.9324 6.1716 12.9657 0.1726 0.5136 -0.8959 0.3003 0.3275
-60.6974 -17.8512 13.7553 0.1403 0.4981 -0.8959 0.3003 0.3275
0 -4.5996 167.655 0.36 0.9088 0 -0.9869 0.1615
-108.219 -60.8597 -76.7168 0.2559 0.668 0.1467 -0.9762 0.1598
0 -44.5986 -76.7395 0.36 0.6706 0 -0.9869 0.1615
0 15.074 48.9695 0.361 0.2302 0.1884 0.9686 0.1623
-50.1182 42.8323 -58.4657 0.273 0.424 0.1884 0.9686 0.1623
-71.0652 49.9677 -76.7219 0.2364 0.4579 0.1884 0.9686 0.1623
-71.0652 49.9677 -76.7219 0.2364 0.4579 0.1916 0.9683 0.1605
0 -4.5996 167.655 0.3619 0.0204 0.1916 0.9683 0.1605
0 15.074 48.9695 0.361 0.2302 0.1916 0.9683 0.1605
-37.012 55.3444 -52.3088 0.2966 0.4188 -0.7153 0.5191 0.4678
-50.1182 42.8323 -58.4657 0.273 0.424 -0.7153 0.5191 0.4678
0 15.074 48.9695 0.361 0.2302 -0.7153 0.5191 0.4678
0 15.074 48.9695 0.361 0.2302 -0.698 0.5403 0.4699
0 26.5383 35.7885 0.3613 0.2574 -0.698 0.5403 0.4699
-37.012 55.3444 -52.3088 0.2966 0.4188 -0.698 0.5403 0.4699
0 57.8015 -42.9308 0.3616 0.4041 0 0.9227 0.3855
0 35.5431 10.3435 0.3613 0.3043 0 0.9227 0.3855
21.188 53.5253 -41.0345 0.3984 0.3992 0.15 0.9123 0.3812
116.122 13.2703 12.759 0.801 0.1515 0.9447 0.2895 0.1541
135.792 -4.4743 -54.1319 0.894 0.3432 0.9216 0.344 0.1798
117.23 45.5852 -54.7505 0.7371 0.3638 0.9296 0.3262 0.1714
117.23 45.5852 -54.7505 0.7371 0.3638 0.9296 0.3262 0.1714
110.519 34.0252 13.3775 0.7379 0.1581 0.9573 0.2543 0.1374
116.122 13.2703 12.759 0.801 0.1515 0.9447 0.2895 0.1541
0 -5.2064 -95.8868 0.3585 0.5615 -0 0.4188 -0.9081
0 36.1381 -76.8185 0.3585 0.4893 -0 0.4188 -0.9081
71.0652 49.9677 -76.7219 0.4826 0.4651 -0.08 0.4175 -0.9052
27.3651 -5.5906 -55.5207 0.4543 0.7611 0.2083 0.0697 -0.9756
55.6401 16.28 -47.9208 0.5303 0.701 0.2083 0.0697 -0.9756
70.2878 -27.4612 -47.9208 0.5697 0.8183 0.2083 0.0697 -0.9756
71.7294 23.4478 -54.2372 0.5783 0.6096 0.8959 0.3001 0.3275
71.0652 49.9677 -76.7219 0.559 0.655 0.8959 0.3001 0.3275
0 -4.5996 167.655 0.4492 0.3028 0.8959 0.3001 0.3275
0 -4.5996 167.655 0.4492 0.3028 0.8964 0.2988 0.3275
52.9324 6.1716 12.9657 0.5512 0.5114 0.8964 0.2988 0.3275
71.7294 23.4478 -54.2372 0.5783 0.6096 0.8964 0.2988 0.3275
71.7294 23.4478 -54.2372 0.5783 0.6096 0.8958 0.3003 0.3278
90.1678 -30.9873 -54.7524 0.6532 0.5776 0.8958 0.3003 0.3278
108.219 -60.8597 -76.7168 0.7106 0.5883 0.8958 0.3003 0.3278
108.219 -60.8597 -76.7168 0.7106 0.5883 0.8958 0.3003 0.3278
71.0652 49.9677 -76.7219 0.559 0.655 0.8958 0.3003 0.3278
71.7294 23.4478 -54.2372 0.5783 0.6096 0.8958 0.3003 0.3278
110.519 34.0252 13.3775 0.7338 0.1946 -0.4339 0.8943 0.109
117.23 45.5852 -54.7505 0.7333 0.3595 -0.4339 0.8943 0.109
71.7294 23.4478 -54.2372 0.6149 0.3388 -0.4339 0.8943 0.109
71.7294 23.4478 -54.2372 0.6149 0.3388 -0.4335 0.8946 0.1087
52.9324 6.1716 12.9657 0.5837 0.1709 -0.4335 0.8946 0.1087
110.519 34.0252 13.3775 0.7338 0.1946 -0.4335 0.8946 0.1087
135.792 -4.4743 -54.1319 0.8873 0.3025 0.4631 -0.8134 0.352
116.122 13.2703 12.759 0.8125 0.1708 0.4631 -0.8134 0.352
60.6974 -17.8512 13.7553 0.9191 0.0899 0.4631 -0.8134 0.352
60.6974 -17.8512 13.7553 0.9191 0.0899 0.4659 -0.8101 0.3558
90.1678 -30.9873 -54.7524 0.9778 0.2381 0.4659 -0.8101 0.3558
135.792 -4.4743 -54.1319 0.8873 0.3025 0.4659 -0.8101 0.3558
117.23 45.5852 -54.7505 0.7423 0.3657 0.0171 -0.006 -0.9998
135.792 -4.4743 -54.1319 0.8869 0.3457 0.0171 -0.006 -0.9998
90.1678 -30.9873 -54.7524 0.9307 0.4832 0.0171 -0.006 -0.9998
90.1678 -30.9873 -54.7524 0.9307 0.4832 -0.0136 0.0048 -0.9999
71.7294 23.4478 -54.2372 0.7745 0.5002 -0.0136 0.0048 -0.9999
117.23 45.5852 -54.7505 0.7423 0.3657 -0.0136 0.0048 -0.9999
85.4699 -34.423 -79.6915 0.5077 0.6125 0.2091 0.07 -0.9754
64.5868 27.9387 -79.6915 0.4713 0.5036 0.2091 0.07 -0.9754
71.0652 49.9677 -76.7219 0.4826 0.4651 0.2091 0.07 -0.9754
71.0652 49.9677 -76.7219 0.4826 0.4651 0.2089 0.07 -0.9754
108.219 -60.8597 -76.7168 0.5475 0.6586 0.2089 0.07 -0.9754
85.4699 -34.423 -79.6915 0.5077 0.6125 0.2089 0.07 -0.9754
24.2751 -3.2422 -90.5268 0.4009 0.5581 0.208 0.0692 -0.9757
85.4699 -34.423 -79.6915 0.5077 0.6125 0.208 0.0692 -0.9757
108.219 -60.8597 -76.7168 0.5475 0.6586 0.208 0.0692 -0.9757
0 -5.6822 -95.9209 0.3585 0.5623 0.2095 0.0716 -0.9752
0 -5.4596 -95.9046 0.3585 0.562 0.2095 0.0716 -0.9752
24.2751 -3.2422 -90.5268 0.4009 0.5581 0.2095 0.0716 -0.9752
0 -5.6822 -95.9209 0.3585 0.5623 0.2095 0.0715 -0.9752
24.2751 -3.2422 -90.5268 0.4009 0.5581 0.2095 0.0715 -0.9752
108.219 -60.8597 -76.7168 0.5475 0.6586 0.2095 0.0715 -0.9752
70.2878 -27.4612 -47.9208 0.491 0.5938 -0.8854 -0.2965 -0.3581
55.6401 16.28 -47.9208 0.4665 0.5212 -0.8854 -0.2965 -0.3581
64.5868 27.9387 -79.6915 0.4713 0.5036 -0.8854 -0.2965 -0.3581
64.5868 27.9387 -79.6915 0.4713 0.5036 -0.8854 -0.2965 -0.3581
85.4699 -34.423 -79.6915 0.5077 0.6125 -0.8854 -0.2965 -0.3581
70.2878 -27.4612 -47.9208 0.491 0.5938 -0.8854 -0.2965 -0.3581
27.3651 -5.5906 -55.5207 0.4177 0.5569 0.4511 0.8923 0.02
70.2878 -27.4612 -47.9208 0.491 0.5938 0.4511 0.8923 0.02
85.4699 -34.423 -79.6915 0.5077 0.6125 0.4511 0.8923 0.02
85.4699 -34.423 -79.6915 0.5077 0.6125 0.4511 0.8923 0.02
24.2751 -3.2422 -90.5268 0.4009 0.5581 0.4511 0.8923 0.02
27.3651 -5.5906 -55.5207 0.4177 0.5569 0.4511 0.8923 0.02
55.6401 16.28 -47.9208 0.4665 0.5212 0.6262 -0.7723 -0.1071
27.3651 -5.5906 -55.5207 0.4177 0.5569 0.6262 -0.7723 -0.1071
24.2751 -3.2422 -90.5268 0.4009 0.5581 0.6262 -0.7723 -0.1071
24.2751 -3.2422 -90.5268 0.4009 0.5581 0.6262 -0.7723 -0.1071
64.5868 27.9387 -79.6915 0.4713 0.5036 0.6262 -0.7723 -0.1071
55.6401 16.28 -47.9208 0.4665 0.5212 0.6262 -0.7723 -0.1071
108.219 -60.8597 -76.7168 0.5475 0.6586 -0.0661 -0.4411 -0.895
0 -44.5986 -76.7395 0.3585 0.6302 -0 -0.4421 -0.897
0 -5.6822 -95.9209 0.3585 0.5623 -0 -0.4421 -0.897
60.6974 -17.8512 13.7553 0.5835 0.4959 0.8957 0.3011 0.3273
0 -4.5996 167.655 0.4492 0.3028 0.8957 0.3011 0.3273
108.219 -60.8597 -76.7168 0.7106 0.5883 0.8957 0.3011 0.3273
108.219 -60.8597 -76.7168 0.7106 0.5883 0.8958 0.3003 0.3278
90.1678 -30.9873 -54.7524 0.6532 0.5776 0.8958 0.3003 0.3278
60.6974 -17.8512 13.7553 0.5835 0.4959 0.8958 0.3003 0.3278
71.0652 49.9677 -76.7219 0.4826 0.4651 0.2078 0.0704 -0.9756
64.5868 27.9387 -79.6915 0.4713 0.5036 0.2078 0.0704 -0.9756
24.2751 -3.2422 -90.5268 0.4009 0.5581 0.2078 0.0704 -0.9756
71.0652 49.9677 -76.7219 0.4826 0.4651 0.2098 0.0685 -0.9753
24.2751 -3.2422 -90.5268 0.4009 0.5581 0.2098 0.0685 -0.9753
0 -5.4596 -95.9046 0.3585 0.562 0.2098 0.0685 -0.9753
71.0652 49.9677 -76.7219 0.4826 0.4651 0.21 0.0683 -0.9753
0 -5.4596 -95.9046 0.3585 0.562 0.21 0.0683 -0.9753
0 -5.2064 -95.8868 0.3585 0.5615 0.21 0.0683 -0.9753
0 34.7659 -67.8287 0.36 0.4368 -0.1866 0.9686 0.1644
50.1182 42.8323 -58.4657 0.4482 0.4245 -0.1866 0.9686 0.1644
71.0652 49.9677 -76.7219 0.4848 0.4585 -0.1866 0.9686 0.1644
71.0652 49.9677 -76.7219 0.4848 0.4585 -0.1891 0.9707 0.1482
0 36.1381 -76.8185 0.3599 0.4526 -0.1891 0.9707 0.1482
0 34.7659 -67.8287 0.36 0.4368 -0.1891 0.9707 0.1482
0 34.7659 -67.8287 0.36 0.4368 0.0001 0.5091 -0.8607
0 52.0844 -57.5668 0.3611 0.4266 1 0 0
0 60.8597 -52.3656 0.3616 0.4214 -0 0.5098 -0.8603
0 34.7659 -67.8287 0.36 0.4368 0.0001 0.5091 -0.8607
0 60.8597 -52.3656 0.3616 0.4214 -0 0.5098 -0.8603
37.012 55.3444 -52.3088 0.426 0.4192 0.0785 0.5064 -0.8587
0 34.7659 -67.8287 0.36 0.4368 0.0001 0.5091 -0.8607
37.012 55.3444 -52.3088 0.426 0.4192 0.0785 0.5064 -0.8587
50.1182 42.8323 -58.4657 0.4482 0.4245 0.0791 0.5056 -0.8591
94.1328 18.4065 73.5408 0.5865 0.877 -0 0 1
96.9885 10.5605 73.5409 0.5862 0.9708 -0 0 1
104.711 13.3711 73.5409 0.4921 0.9708 -0 0 1
104.711 13.3711 73.5409 0.4921 0.9708 -0 0 1
101.855 21.2171 73.5409 0.4921 0.877 -0 -0 1
94.1328 18.4065 73.5408 0.5865 0.877 -0 0 1
95.549 7.4735 13.2688 0.966 0.8136 0.342 -0.9397 0
107.798 11.9317 13.2688 0.966 0.8903 0.342 -0.9397 0
107.798 11.9317 51.5317 0.7424 0.8904 0.342 -0.9397 0
107.798 11.9317 51.5317 0.7424 0.8904 0.342 -0.9397 0
95.549 7.4735 51.5317 0.7424 0.8137 0.342 -0.9397 0
95.549 7.4735 13.2688 0.966 0.8136 0.342 -0.9397 0
91.0459 19.8459 13.2688 0.9675 0.7333 -0.9397 -0.342 0
95.549 7.4735 13.2688 0.9675 0.8109 -0.9397 -0.342 0
95.549 7.4735 51.5317 0.7436 0.811 -0.9397 -0.342 0
95.549 7.4735 51.5317 0.7436 0.811 -0.9397 -0.342 0
91.0459 19.8459 51.5317 0.7436 0.7334 -0.9397 -0.342 0
91.0459 19.8459 13.2688 0.9675 0.7333 -0.9397 -0.342 0
103.295 24.3041 13.2688 0.9675 0.6539 -0.342 0.9397 -0
91.0459 19.8459 13.2688 0.9675 0.7306 -0.342 0.9397 -0
91.0459 19.8459 51.5317 0.7439 0.7307 -0.342 0.9397 -0
91.0459 19.8459 51.5317 0.7439 0.7307 -0.342 0.9397 -0
103.295 24.3041 51.5317 0.7439 0.654 -0.342 0.9397 -0
103.295 24.3041 13.2688 0.9675 0.6539 -0.342 0.9397 -0
107.798 11.9317 13.2688 0.9633 0.8943 0.9397 0.342 -0
103.295 24.3041 13.2688 0.9634 0.9719 0.9397 0.342 -0
103.295 24.3041 51.5317 0.7395 0.972 0.9397 0.342 -0
103.295 24.3041 51.5317 0.7395 0.972 0.9397 0.342 -0
107.798 11.9317 51.5317 0.7394 0.8944 0.9397 0.342 -0
107.798 11.9317 13.2688 0.9633 0.8943 0.9397 0.342 -0
101.855 21.2171 56.1368 0.7108 0.9578 0.8327 0.3031 0.4634
104.711 13.3711 56.1368 0.7108 0.9086 0.8327 0.3031 0.4634
107.798 11.9317 51.5317 0.7394 0.8944 0.8327 0.3031 0.4634
107.798 11.9317 51.5317 0.7394 0.8944 0.8327 0.3031 0.4634
103.295 24.3041 51.5317 0.7395 0.972 0.8327 0.3031 0.4634
101.855 21.2171 56.1368 0.7108 0.9578 0.8327 0.3031 0.4634
94.1328 18.4064 56.1368 0.7153 0.7165 -0.3031 0.8327 0.4634
101.855 21.2171 56.1368 0.7153 0.6681 -0.3031 0.8327 0.4634
103.295 24.3041 51.5317 0.7439 0.654 -0.3031 0.8327 0.4634
103.295 24.3041 51.5317 0.7439 0.654 -0.3031 0.8327 0.4634
91.0459 19.8459 51.5317 0.7439 0.7307 -0.3031 0.8327 0.4634
94.1328 18.4064 56.1368 0.7153 0.7165 -0.3031 0.8327 0.4634
96.9885 10.5605 56.1368 0.715 0.7969 -0.8327 -0.3031 0.4634
94.1328 18.4064 56.1368 0.715 0.7477 -0.8327 -0.3031 0.4634
91.0459 19.8459 51.5317 0.7436 0.7334 -0.8327 -0.3031 0.4634
91.0459 19.8459 51.5317 0.7436 0.7334 -0.8327 -0.3031 0.4634
95.549 7.4735 51.5317 0.7436 0.811 -0.8327 -0.3031 0.4634
96.9885 10.5605 56.1368 0.715 0.7969 -0.8327 -0.3031 0.4634
104.711 13.3711 56.1368 0.7138 0.8762 0.3031 -0.8327 0.4634
96.9885 10.5605 56.1368 0.7138 0.8278 0.3031 -0.8327 0.4634
95.549 7.4735 51.5317 0.7424 0.8137 0.3031 -0.8327 0.4634
95.549 7.4735 51.5317 0.7424 0.8137 0.3031 -0.8327 0.4634
107.798 11.9317 51.5317 0.7424 0.8904 0.3031 -0.8327 0.4634
104.711 13.3711 56.1368 0.7138 0.8762 0.3031 -0.8327 0.4634
101.855 21.2171 70.5969 0.6262 0.9579 0.9397 0.342 -0
104.711 13.3711 70.5969 0.6262 0.9086 0.9397 0.342 -0
104.711 13.3711 56.1368 0.7108 0.9086 0.9397 0.342 -0
104.711 13.3711 56.1368 0.7108 0.9086 0.9397 0.342 -0
101.855 21.2171 56.1368 0.7108 0.9578 0.9397 0.342 -0
101.855 21.2171 70.5969 0.6262 0.9579 0.9397 0.342 -0
94.1328 18.4064 70.5969 0.6309 0.7165 -0.342 0.9397 -0
101.855 21.2171 70.5969 0.6308 0.6682 -0.342 0.9397 -0
101.855 21.2171 56.1368 0.7153 0.6681 -0.342 0.9397 -0
101.855 21.2171 56.1368 0.7153 0.6681 -0.342 0.9397 -0
94.1328 18.4064 56.1368 0.7153 0.7165 -0.342 0.9397 -0
94.1328 18.4064 70.5969 0.6309 0.7165 -0.342 0.9397 -0
96.9885 10.5605 70.5969 0.6304 0.7969 -0.9397 -0.342 0
94.1328 18.4064 70.5969 0.6303 0.7477 -0.9397 -0.342 0
94.1328 18.4064 56.1368 0.715 0.7477 -0.9397 -0.342 0
94.1328 18.4064 56.1368 0.715 0.7477 -0.9397 -0.342 -0
96.9885 10.5605 56.1368 0.715 0.7969 -0.9397 -0.342 -0
96.9885 10.5605 70.5969 0.6304 0.7969 -0.9397 -0.342 -0
104.711 13.3711 70.5969 0.6293 0.8762 0.342 -0.9397 -0
96.9885 10.5605 70.5969 0.6293 0.8279 0.342 -0.9397 -0
96.9885 10.5605 56.1368 0.7138 0.8278 0.342 -0.9397 -0
96.9885 10.5605 56.1368 0.7138 0.8278 0.342 -0.9397 -0
104.711 13.3711 56.1368 0.7138 0.8762 0.342 -0.9397 -0
104.711 13.3711 70.5969 0.6293 0.8762 0.342 -0.9397 -0
102.696 23.0214 75.8634 0.5964 0.9662 0.9397 0.342 0
106.515 12.5298 75.8634 0.5964 0.9004 0.9397 0.342 0
106.515 12.5298 70.5969 0.6272 0.9004 0.9397 0.342 0
106.515 12.5298 70.5969 0.6272 0.9004 0.9397 0.342 0
102.696 23.0214 70.5969 0.6272 0.9662 0.9397 0.342 0
102.696 23.0214 75.8634 0.5964 0.9662 0.9397 0.342 0
92.3285 19.2478 75.8634 0.6011 0.7248 -0.342 0.9397 0
102.696 23.0214 75.8634 0.601 0.6599 -0.342 0.9397 0
102.696 23.0214 70.5969 0.6318 0.6599 -0.342 0.9397 0
102.696 23.0214 70.5969 0.6318 0.6599 -0.342 0.9397 0
92.3285 19.2478 70.5969 0.6318 0.7248 -0.342 0.9397 0
92.3285 19.2478 75.8634 0.6011 0.7248 -0.342 0.9397 0
96.1471 8.7562 75.8634 0.6005 0.8052 -0.9397 -0.342 0
92.3285 19.2478 75.8634 0.6005 0.7394 -0.9397 -0.342 0
92.3285 19.2478 70.5969 0.6313 0.7394 -0.9397 -0.342 0
92.3285 19.2478 70.5969 0.6313 0.7394 -0.9397 -0.342 0
96.1471 8.7562 70.5969 0.6313 0.8052 -0.9397 -0.342 0
96.1471 8.7562 75.8634 0.6005 0.8052 -0.9397 -0.342 0
106.515 12.5298 75.8634 0.5995 0.8845 0.342 -0.9397 -0
96.1471 8.7562 75.8634 0.5995 0.8196 0.342 -0.9397 -0
96.1471 8.7562 70.5969 0.6303 0.8196 0.342 -0.9397 -0
96.1471 8.7562 70.5969 0.6303 0.8196 0.342 -0.9397 -0
106.515 12.5298 70.5969 0.6303 0.8845 0.342 -0.9397 -0
106.515 12.5298 75.8634 0.5995 0.8845 0.342 -0.9397 -0
102.696 23.0214 70.5969 0.6272 0.9662 0 0 -1
106.515 12.5298 70.5969 0.6272 0.9004 0 0 -1
104.711 13.3711 70.5969 0.6262 0.9086 0 0 -1
104.711 13.3711 70.5969 0.6262 0.9086 0 0 -1
101.855 21.2171 70.5969 0.6262 0.9579 0 0 -1
102.696 23.0214 70.5969 0.6272 0.9662 0 0 -1
92.3285 19.2478 70.5969 0.6318 0.7248 0 0 -1
102.696 23.0214 70.5969 0.6318 0.6599 0 0 -1
101.855 21.2171 70.5969 0.6308 0.6682 0 0 -1
101.855 21.2171 70.5969 0.6308 0.6682 0 0 -1
94.1328 18.4064 70.5969 0.6309 0.7165 0 0 -1
92.3285 19.2478 70.5969 0.6318 0.7248 0 0 -1
96.1471 8.7562 70.5969 0.6313 0.8052 0 0 -1
92.3285 19.2478 70.5969 0.6313 0.7394 0 0 -1
94.1328 18.4064 70.5969 0.6303 0.7477 0 0 -1
94.1328 18.4064 70.5969 0.6303 0.7477 0 0 -1
96.9885 10.5605 70.5969 0.6304 0.7969 0 0 -1
96.1471 8.7562 70.5969 0.6313 0.8052 0 0 -1
106.515 12.5298 70.5969 0.6303 0.8845 0 0 -1
96.1471 8.7562 70.5969 0.6303 0.8196 0 0 -1
96.9885 10.5605 70.5969 0.6293 0.8279 0 0 -1
96.9885 10.5605 70.5969 0.6293 0.8279 0 0 -1
104.711 13.3711 70.5969 0.6293 0.8762 0 0 -1
106.515 12.5298 70.5969 0.6303 0.8845 0 0 -1
106.515 12.5298 75.8634 0.5964 0.9004 0 -0 1
102.696 23.0214 75.8634 0.5964 0.9662 0 -0 1
101.855 21.2171 75.8634 0.5954 0.9579 0 -0 1
101.855 21.2171 75.8634 0.5954 0.9579 0 -0 1
104.711 13.3711 75.8634 0.5954 0.9087 0 -0 1
106.515 12.5298 75.8634 0.5964 0.9004 0 -0 1
96.1471 8.7562 75.8634 0.5995 0.8196 0 -0 1
106.515 12.5298 75.8634 0.5995 0.8845 0 -0 1
104.711 13.3711 75.8634 0.5986 0.8762 0 -0 1
104.711 13.3711 75.8634 0.5986 0.8762 0 -0 1
96.9885 10.5605 75.8634 0.5985 0.8279 0 -0 1
96.1471 8.7562 75.8634 0.5995 0.8196 0 -0 1
92.3285 19.2478 75.8634 0.6005 0.7394 0 -0 1
96.1471 8.7562 75.8634 0.6005 0.8052 0 -0 1
96.9885 10.5605 75.8634 0.5995 0.7969 0 -0 1
96.9885 10.5605 75.8634 0.5995 0.7969 0 -0 1
94.1328 18.4065 75.8634 0.5995 0.7477 0 -0 1
92.3285 19.2478 75.8634 0.6005 0.7394 0 -0 1
102.696 23.0214 75.8634 0.601 0.6599 0 -0 1
92.3285 19.2478 75.8634 0.6011 0.7248 0 -0 1
94.1328 18.4065 75.8634 0.6001 0.7166 0 -0 1
94.1328 18.4065 75.8634 0.6001 0.7166 0 -0 1
101.855 21.2171 75.8634 0.6001 0.6682 0 -0 1
102.696 23.0214 75.8634 0.601 0.6599 0 -0 1
101.855 21.2171 73.5409 0.4921 0.877 -0.9397 -0.342 0
104.711 13.3711 73.5409 0.4921 0.9708 -0.9397 -0.342 0
104.711 13.3711 75.8634 0.5016 0.9614 -0.9397 -0.342 0
104.711 13.3711 75.8634 0.5016 0.9614 -0.9397 -0.342 -0
101.855 21.2171 75.8634 0.5016 0.8862 -0.9397 -0.342 -0
101.855 21.2171 73.5409 0.4921 0.877 -0.9397 -0.342 -0
94.1328 18.4065 73.5408 0.5865 0.877 0.342 -0.9397 -0
101.855 21.2171 73.5409 0.4921 0.877 0.342 -0.9397 -0
101.855 21.2171 75.8634 0.5016 0.8862 0.342 -0.9397 -0
101.855 21.2171 75.8634 0.5016 0.8862 0.342 -0.9397 -0
94.1328 18.4065 75.8634 0.5768 0.8862 0.342 -0.9397 -0
94.1328 18.4065 73.5408 0.5865 0.877 0.342 -0.9397 -0
96.9885 10.5605 73.5409 0.5862 0.9708 0.9397 0.342 0
94.1328 18.4065 73.5408 0.5865 0.877 0.9397 0.342 0
94.1328 18.4065 75.8634 0.5768 0.8862 0.9397 0.342 0
94.1328 18.4065 75.8634 0.5768 0.8862 0.9397 0.342 0
96.9885 10.5605 75.8634 0.5768 0.9614 0.9397 0.342 0
96.9885 10.5605 73.5409 0.5862 0.9708 0.9397 0.342 0
104.711 13.3711 73.5409 0.4921 0.9708 -0.342 0.9397 0
96.9885 10.5605 73.5409 0.5862 0.9708 -0.342 0.9397 0
96.9885 10.5605 75.8634 0.5768 0.9614 -0.342 0.9397 0
96.9885 10.5605 75.8634 0.5768 0.9614 -0.342 0.9397 0
104.711 13.3711 75.8634 0.5016 0.9614 -0.342 0.9397 0
104.711 13.3711 73.5409 0.4921 0.9708 -0.342 0.9397 0
95.549 7.4735 13.2688 0.7105 0.083 -0.007 -0.0026 1
91.0459 19.8459 13.2688 0.7135 0.1265 -0.007 -0.0026 1
52.9324 6.1716 12.9657 0.5797 0.1365 -0.007 -0.0026 1
52.9324 6.1716 12.9657 0.5797 0.1365 -0.008 0.0303 0.9995
60.6974 -17.8512 13.7553 0.5708 0.0533 -0.008 0.0303 0.9995
95.549 7.4735 13.2688 0.7105 0.083 -0.008 0.0303 0.9995
107.798 11.9317 13.2688 0.7535 0.0799 -0.014 0.0385 0.9992
95.549 7.4735 13.2688 0.7105 0.083 -0.014 0.0385 0.9992
60.6974 -17.8512 13.7553 0.5708 0.0533 -0.014 0.0385 0.9992
60.6974 -17.8512 13.7553 0.5708 0.0533 0.0779 -0.107 0.9912
116.122 13.2703 12.759 0.7806 0.0728 0.0779 -0.107 0.9912
107.798 11.9317 13.2688 0.7535 0.0799 0.0779 -0.107 0.9912
103.295 24.3041 13.2688 0.7566 0.1235 0.0578 0.021 0.9981
107.798 11.9317 13.2688 0.7535 0.0799 0.0578 0.021 0.9981
116.122 13.2703 12.759 0.7806 0.0728 0.0578 0.021 0.9981
116.122 13.2703 12.759 0.7806 0.0728 0.0184 -0.0248 0.9995
110.519 34.0252 13.3775 0.7916 0.1432 0.0184 -0.0248 0.9995
103.295 24.3041 13.2688 0.7566 0.1235 0.0184 -0.0248 0.9995
91.0459 19.8459 13.2688 0.7135 0.1265 0.0056 -0.0153 0.9999
103.295 24.3041 13.2688 0.7566 0.1235 0.0056 -0.0153 0.9999
110.519 34.0252 13.3775 0.7916 0.1432 0.0056 -0.0153 0.9999
110.519 34.0252 13.3775 0.7916 0.1432 -0.0103 0.0064 0.9999
52.9324 6.1716 12.9657 0.5797 0.1365 -0.0103 0.0064 0.9999
91.0459 19.8459 13.2688 0.7135 0.1265 -0.0103 0.0064 0.9999
24.5053 56.0441 -43.1985 0.4043 0.4039 0.2574 0.9258 0.2768
37.012 55.3444 -52.3088 0.426 0.4192 0.2547 0.926 0.2785
0 60.8597 -52.3656 0.3616 0.4214 0 0.997 0.077
0 60.8597 -52.3656 0.3616 0.4214 0 0.997 0.077
0 60.3932 -44.9161 0.3617 0.4085 0 0.998 0.0625
24.5053 56.0441 -43.1985 0.4043 0.4039 0.2574 0.9258 0.2768
24.5053 56.0441 -43.1985 0.4043 0.4039 0.2574 0.9258 0.2768
0 35.4174 18.0583 0.3615 0.2912 0 0.8941 0.4478
0 26.5383 35.7885 0.3613 0.2574 0 0.8938 0.4486
0 26.5383 35.7885 0.3613 0.2574 0 0.8938 0.4486
37.012 55.3444 -52.3088 0.426 0.4192 0.2547 0.926 0.2785
24.5053 56.0441 -43.1985 0.4043 0.4039 0.2574 0.9258 0.2768
21.188 53.5253 -41.0345 0.3984 0.3992 -0.3427 0.8294 0.4412
24.5053 56.0441 -43.1985 0.4043 0.4039 -0.2252 0.7884 0.5725
0 60.3932 -44.9161 0.3617 0.4085 -0 0.6084 0.7936
0 60.3932 -44.9161 0.3617 0.4085 -0 0.6084 0.7936
0 57.8015 -42.9308 0.3616 0.4041 0 0.6081 0.7938
21.188 53.5253 -41.0345 0.3984 0.3992 -0.3427 0.8294 0.4412
0 35.5431 10.3435 0.3613 0.3043 0 0.9999 0.0163
0 35.3938 13.4717 0.3614 0.299 1 0 0
0 35.4174 18.0583 0.3615 0.2912 0 0.9998 0.0189
21.188 53.5253 -41.0345 0.3984 0.3992 -0.3427 0.8294 0.4412
0 35.5431 10.3435 0.3613 0.3043 0 0.9999 0.0163
0 35.4174 18.0583 0.3615 0.2912 0 0.9998 0.0189
24.5053 56.0441 -43.1985 0.4043 0.4039 -0.2252 0.7884 0.5725
21.188 53.5253 -41.0345 0.3984 0.3992 -0.3427 0.8294 0.4412
0 35.4174 18.0583 0.3615 0.2912 0 0.9998 0.0189
52.9324 6.1716 12.9657 0.5512 0.5114 0.8959 0.3003 0.3275
0 -4.5996 167.655 0.4492 0.3028 0.8959 0.3003 0.3275
60.6974 -17.8512 13.7553 0.5835 0.4959 0.8959 0.3003 0.3275
108.219 -60.8597 -76.7168 0.4641 0.668 -0.1467 -0.9762 0.1598
0 -4.5996 167.655 0.36 0.9088 0 -0.9869 0.1615
0 -44.5986 -76.7395 0.36 0.6706 0 -0.9869 0.1615
0 15.074 48.9695 0.361 0.2302 -0.1916 0.9683 0.1605
0 -4.5996 167.655 0.3619 0.0204 -0.1916 0.9683 0.1605
71.0652 49.9677 -76.7219 0.4848 0.4585 -0.1916 0.9683 0.1605
71.0652 49.9677 -76.7219 0.4848 0.4585 -0.1884 0.9686 0.1623
50.1182 42.8323 -58.4657 0.4482 0.4245 -0.1884 0.9686 0.1623
0 15.074 48.9695 0.361 0.2302 -0.1884 0.9686 0.1623
37.012 55.3444 -52.3088 0.426 0.4192 0.698 0.5403 0.4699
0 26.5383 35.7885 0.3613 0.2574 0.698 0.5403 0.4699
0 15.074 48.9695 0.361 0.2302 0.698 0.5403 0.4699
0 15.074 48.9695 0.361 0.2302 0.7153 0.5191 0.4678
50.1182 42.8323 -58.4657 0.4482 0.4245 0.7153 0.5191 0.4678
37.012 55.3444 -52.3088 0.426 0.4192 0.7153 0.5191 0.4678
